1 60 1 50 2 10 30 90 160 250 30 0 50 117 13 1976956192 false false false
2 60 3 50 4 20 60 180 320 450 30 0 50 91 13 1976956192 false false false
3 100 6 50 6 30 90 270 400 550 50 0 50 52 11 1976956192 false false false
4 100 8 50 6 30 90 270 400 550 50 0 50 26 11 1 true false false
5 120 9 50 8 40 100 300 450 600 60 0 50 13 11 1976956192 false false false
6 140 11 100 10 50 150 450 625 750 70 0 45 0 7 1976956192 false false false
7 140 13 100 10 50 150 450 625 750 70 0 35 0 7 1976956192 false false false
8 160 14 100 12 60 180 500 700 900 80 0 30 0 7 1976956192 false false false
9 180 16 100 14 70 200 550 750 950 90 0 20 0 4 1976956192 false false false
10 180 18 100 14 70 200 550 750 950 90 0 10 0 4 1976956192 false false false
11 200 19 100 16 80 220 600 800 1000 100 0 5 0 4 1976956192 false false false
12 220 21 150 18 90 250 700 875 1050 110 0 0 13 12 1976956192 false false false
13 220 23 150 18 90 250 700 875 1050 110 0 0 39 12 1976956192 false false false
14 240 24 150 20 100 300 750 925 1100 120 0 0 52 12 1976956192 false false false
15 260 26 150 22 110 330 800 975 1150 130 0 0 78 14 1976956192 false false false
16 260 27 150 22 110 330 800 975 1150 130 0 0 91 14 1976956192 false false false
17 280 29 150 24 120 360 850 1025 1200 140 0 0 117 14 1976956192 false false false
18 300 31 200 26 130 390 900 1100 1275 150 0 5 130 2 1976956192 false false false
19 300 32 200 26 130 390 900 1100 1275 150 0 10 130 2 1976956192 false false false
20 320 34 200 28 150 450 1000 1200 1400 160 0 20 130 2 1976956192 false false false
21 350 37 200 35 175 500 1100 1300 1500 175 0 35 130 10 1976956192 false false false
22 400 39 200 50 200 600 1400 1700 2000 200 0 45 130 10 1976956192 false false false
1 1400 Coco 8 false false false false0 0 1
2 1450 LeKi 20 false false false false0 1 4
2 4 false